# Beam : 58Ni + 64Ni 32 MeV/A
# CSI calib based on data for Si-CsI identified isotopes of Z=2-6
# E_CsI calculated from deltaE in silicon detector
# Initial parameter values from INDRA_camp5, only a1 varied in fit
RunList:                                  65000-76028
SignalIn:                                TotLight
SignalOut:                               Energy
CalibType:                               LightEnergy
CalibClass: 				 LightEnergyCsI
CSI_0601: 23.8107 ,  0.4174 ,  6.01 ,  0.385
CSI_0602: -nan ,  0.258533 ,  6.01 ,  0.385
CSI_0603: -nan ,  0.337552 ,  6.01 ,  0.385
CSI_0604: 22.9693 ,  0.434404 ,  6.01 ,  0.385
CSI_0605: 21.4512 ,  0.47471 ,  6.01 ,  0.385
CSI_0606: 22.456 ,  0.277784 ,  6.01 ,  0.385
CSI_0607: 22.0346 ,  0.383114 ,  6.01 ,  0.385
CSI_0608: 20.4888 ,  0.326834 ,  6.01 ,  0.385
CSI_0609: 28.4413 ,  1.23509 ,  6.01 ,  0.385
CSI_0610: 18.623 ,  0.289042 ,  6.01 ,  0.385
CSI_0611: -nan ,  0.470044 ,  6.01 ,  0.385
CSI_0612: 2.0105 ,  0.459115 ,  6.00972 ,  0.385
CSI_0613: 17.8831 ,  0.453778 ,  6.00968 ,  0.385
CSI_0614: 14.3748 ,  0.542616 ,  6.01 ,  0.385
CSI_0615: 18.9236 ,  0.483941 ,  6.01 ,  0.385
CSI_0616: 25.0545 ,  0.311821 ,  6.01 ,  0.385
CSI_0617: 24.0086 ,  0.289132 ,  6.01 ,  0.385
CSI_0618: 23.0365 ,  0.350352 ,  6.00987 ,  0.385
CSI_0619: 22.7422 ,  0.448926 ,  6.00999 ,  0.385
CSI_0620: 19.2402 ,  0.478397 ,  6.01 ,  0.385
CSI_0621: 27.1846 ,  0.425273 ,  6.01 ,  0.385
CSI_0622: -nan ,  0.340291 ,  6.01 ,  0.385
CSI_0623: 11.5092 ,  0.380293 ,  6.01 ,  0.385
CSI_0624: 23.4805 ,  0.23813 ,  6.0093 ,  0.385
CSI_0701: 22.3143 ,  0.347654 ,  6.01 ,  0.385
CSI_0702: 13.0316 ,  0.323315 ,  6.00999 ,  0.385
CSI_0703: 19.7938 ,  0.246661 ,  6.00966 ,  0.385
CSI_0704: 19.3519 ,  0.851677 ,  6.01 ,  0.385
CSI_0705: 24.5075 ,  0.465638 ,  6.01 ,  0.385
CSI_0706: 18.2248 ,  0.52251 ,  6.01 ,  0.385
CSI_0707: 28.4718 ,  0.325717 ,  6.00999 ,  0.385
CSI_0708: 36.1338 ,  0.277491 ,  6.01 ,  0.385
CSI_0709: 19.1117 ,  0.303456 ,  6.01 ,  0.385
CSI_0710: 17.546 ,  0.3578 ,  6.01 ,  0.385
CSI_0711: 3.49793 ,  0.273996 ,  6.00999 ,  0.385
CSI_0712: 1.66544 ,  0.450758 ,  6.01 ,  0.385
CSI_0713: 22.9696 ,  0.482846 ,  6.01 ,  0.385
CSI_0714: 27.181 ,  0.415158 ,  6.01 ,  0.385
CSI_0715: 24.5741 ,  0.263771 ,  6.00997 ,  0.385
CSI_0716: 13.9461 ,  0.240041 ,  6.01 ,  0.385
CSI_0717: 11.334 ,  0.407508 ,  6.00992 ,  0.385
CSI_0718: 51.293 ,  0.365303 ,  6.01 ,  0.385
CSI_0719: 11.1911 ,  0.242501 ,  6.01 ,  0.385
CSI_0720: 13.7247 ,  0.237701 ,  6.01 ,  0.385
CSI_0721: 24.2301 ,  0.322346 ,  6.01 ,  0.385
CSI_0722: 21.1372 ,  0.400746 ,  6.01 ,  0.385
CSI_0723: 24.9898 ,  0.370891 ,  6.00999 ,  0.385
CSI_0724: 27.8786 ,  0.240836 ,  6.00996 ,  0.385
CSI_0801: 18.2462 ,  0.290788 ,  6.01 ,  0.385
CSI_0802: 21.7133 ,  0.211438 ,  6.00998 ,  0.385
CSI_0803: 25.6805 ,  0.30319 ,  6.00963 ,  0.385
CSI_0804: 25.4253 ,  0.366301 ,  6.01 ,  0.385
CSI_0805: 25.9194 ,  0.25493 ,  6.01 ,  0.385
CSI_0806: 24.3231 ,  0.226205 ,  6.01 ,  0.385
CSI_0807: 1.20223 ,  0.438994 ,  6.00997 ,  0.385
CSI_0808: 23.9963 ,  0.278191 ,  6.00994 ,  0.385
CSI_0809: -nan ,  0.360745 ,  6.00992 ,  0.385
CSI_0810: 21.3834 ,  0.265524 ,  6.00999 ,  0.385
CSI_0811: 28.7039 ,  0.284601 ,  6.01 ,  0.385
CSI_0812: 14.6096 ,  0.214623 ,  6.01 ,  0.385
CSI_0813: 23.0596 ,  0.344172 ,  6.00999 ,  0.385
CSI_0814: 30.1275 ,  0.234127 ,  6 ,  0.385
CSI_0815: 24.3533 ,  0.483497 ,  6.00996 ,  0.385
CSI_0816: 20.5894 ,  0.236992 ,  6.00999 ,  0.385
CSI_0817: -nan ,  0.322762 ,  6.01 ,  0.385
CSI_0818: 28.1328 ,  0.307707 ,  6.01 ,  0.385
CSI_0819: 26.1002 ,  0.212523 ,  6.00996 ,  0.385
CSI_0820: 15.6977 ,  0.29642 ,  6.00983 ,  0.385
CSI_0821: 15.2904 ,  0.366782 ,  6.00999 ,  0.385
CSI_0822: 35.8444 ,  0.203737 ,  6.00999 ,  0.385
CSI_0823: -nan ,  0.178576 ,  6.01 ,  0.385
CSI_0824: 32.2622 ,  0.192911 ,  6.01 ,  0.385
CSI_0901: 39.5546 ,  0.184992 ,  6 ,  0.385
CSI_0902: 22.3304 ,  0.314341 ,  6.01 ,  0.385
CSI_0903: 26.2476 ,  0.315588 ,  6.01 ,  0.385
CSI_0904: 18.8948 ,  0.304689 ,  6 ,  0.385
CSI_0905: 26.773 ,  0.439288 ,  6.00999 ,  0.385
CSI_0906: 37.404 ,  0.491016 ,  6.01 ,  0.385
CSI_0907: 18.4634 ,  0.42538 ,  6.01 ,  0.385
CSI_0908: 16.6894 ,  0.324572 ,  6.00999 ,  0.385
CSI_0909: 32.7484 ,  0.306953 ,  6.01 ,  0.385
CSI_0910: -nan ,  0.573888 ,  6.01 ,  0.385
CSI_0911: 21.8947 ,  0.314611 ,  6.01 ,  0.385
CSI_0912: 17.2645 ,  0.29304 ,  6.01 ,  0.385
CSI_0913: 17.2304 ,  0.396264 ,  6.01 ,  0.385
CSI_0914: 18.1021 ,  0.306493 ,  6.01 ,  0.385
CSI_0915: 32.9228 ,  0.267506 ,  6.01 ,  0.385
CSI_0916: 48.7983 ,  0.504906 ,  6.00999 ,  0.385
CSI_0917: 17.981 ,  0.620313 ,  6.01 ,  0.385
CSI_0918: 19.4714 ,  0.52375 ,  6.01 ,  0.385
CSI_0919: 14.1652 ,  0.255274 ,  6.01 ,  0.385
CSI_0920: 17.5283 ,  0.248753 ,  6.00059 ,  0.385
CSI_0921: 17.6865 ,  0.35827 ,  6.00998 ,  0.385
CSI_0922: 32.5111 ,  0.305196 ,  6.01 ,  0.385
CSI_0923: 1.0211 ,  0.315412 ,  6.01 ,  0.385
CSI_0924: 14.915 ,  0.290833 ,  6.01 ,  0.385
