# Beam : 64Ni + 64Ni 52 MeV/A
# CSI calib based on data for Si-CsI identified isotopes of Z=2-6
# E_CsI calculated from deltaE in silicon detector
# Initial parameter values from INDRA_camp5, only a1 varied in fit
RunList:                                  83000-127081
SignalIn:                                TotLight
SignalOut:                               Energy
CalibType:                               LightEnergy
CalibClass: 				 LightEnergyCsI
CSI_0601: 25.5249 ,  0.4174 ,  6.01 ,  0.385
CSI_0604: 24.5967 ,  0.434404 ,  6.01 ,  0.385
CSI_0605: 22.8473 ,  0.47471 ,  6.01 ,  0.385
CSI_0606: 23.8943 ,  0.277784 ,  6.01 ,  0.385
CSI_0607: 25.0152 ,  0.383114 ,  6.01 ,  0.385
CSI_0608: 22.7847 ,  0.326834 ,  6.01 ,  0.385
CSI_0609: 29.3643 ,  1.23509 ,  6.01 ,  0.385
CSI_0610: 19.2842 ,  0.289042 ,  6.01 ,  0.385
CSI_0612: 1.62325 ,  0.459115 ,  6.00972 ,  0.385
CSI_0613: 20.3508 ,  0.453778 ,  6.00968 ,  0.385
CSI_0614: 14.7146 ,  0.542616 ,  6.01 ,  0.385
CSI_0615: 20.137 ,  0.483941 ,  6.01 ,  0.385
CSI_0616: 26.6559 ,  0.311821 ,  6.01 ,  0.385
CSI_0617: 25.2683 ,  0.289132 ,  6.01 ,  0.385
CSI_0618: 24.4099 ,  0.350352 ,  6.00987 ,  0.385
CSI_0619: 23.553 ,  0.448926 ,  6.00999 ,  0.385
CSI_0620: 19.9763 ,  0.478397 ,  6.01 ,  0.385
CSI_0621: 28.6705 ,  0.425273 ,  6.01 ,  0.385
CSI_0623: 11.8171 ,  0.380293 ,  6.01 ,  0.385
CSI_0624: 26.3229 ,  0.23813 ,  6.0093 ,  0.385
CSI_0701: 23.2935 ,  0.347654 ,  6.01 ,  0.385
CSI_0702: 13.0797 ,  0.323315 ,  6.00999 ,  0.385
CSI_0703: 20.9849 ,  0.246661 ,  6.00966 ,  0.385
CSI_0704: 19.5437 ,  0.851677 ,  6.01 ,  0.385
CSI_0705: 27.1934 ,  0.465638 ,  6.01 ,  0.385
CSI_0706: 19.7798 ,  0.52251 ,  6.01 ,  0.385
CSI_0707: 30.6635 ,  0.325717 ,  6.00999 ,  0.385
CSI_0708: 37.1784 ,  0.277491 ,  6.01 ,  0.385
CSI_0709: 19.5947 ,  0.303456 ,  6.01 ,  0.385
CSI_0710: 17.251 ,  0.3578 ,  6.01 ,  0.385
CSI_0711: 3.71408 ,  0.273996 ,  6.00999 ,  0.385
CSI_0712: 1.93609 ,  0.450758 ,  6.01 ,  0.385
CSI_0713: 23.6003 ,  0.482846 ,  6.01 ,  0.385
CSI_0714: 27.7874 ,  0.415158 ,  6.01 ,  0.385
CSI_0715: 25.2491 ,  0.263771 ,  6.00997 ,  0.385
CSI_0716: 14.1415 ,  0.240041 ,  6.01 ,  0.385
CSI_0717: 11.5415 ,  0.407508 ,  6.00992 ,  0.385
CSI_0718: 54.383 ,  0.365303 ,  6.01 ,  0.385
CSI_0719: 11.3177 ,  0.242501 ,  6.01 ,  0.385
CSI_0720: 14.9457 ,  0.237701 ,  6.01 ,  0.385
CSI_0721: 25.6568 ,  0.322346 ,  6.01 ,  0.385
CSI_0722: 22.9824 ,  0.400746 ,  6.01 ,  0.385
CSI_0723: 25.8573 ,  0.370891 ,  6.00999 ,  0.385
CSI_0724: 28.9775 ,  0.240836 ,  6.00996 ,  0.385
CSI_0801: 18.2643 ,  0.290788 ,  6.01 ,  0.385
CSI_0802: 21.8429 ,  0.211438 ,  6.00998 ,  0.385
CSI_0803: 25.5346 ,  0.30319 ,  6.00963 ,  0.385
CSI_0804: 25.3921 ,  0.366301 ,  6.01 ,  0.385
CSI_0805: 25.9587 ,  0.25493 ,  6.01 ,  0.385
CSI_0806: 24.1902 ,  0.226205 ,  6.01 ,  0.385
CSI_0807: 1.00312 ,  0.438994 ,  6.00997 ,  0.385
CSI_0808: 23.7578 ,  0.278191 ,  6.00994 ,  0.385
CSI_0810: 21.5293 ,  0.265524 ,  6.00999 ,  0.385
CSI_0811: 28.74 ,  0.284601 ,  6.01 ,  0.385
CSI_0812: 14.5282 ,  0.214623 ,  6.01 ,  0.385
CSI_0813: 23.1006 ,  0.344172 ,  6.00999 ,  0.385
CSI_0814: 30.4257 ,  0.234127 ,  6 ,  0.385
CSI_0815: 24.15 ,  0.483497 ,  6.00996 ,  0.385
CSI_0816: 20.8517 ,  0.236992 ,  6.00999 ,  0.385
CSI_0818: 27.7952 ,  0.307707 ,  6.01 ,  0.385
CSI_0819: 26.2084 ,  0.212523 ,  6.00996 ,  0.385
CSI_0820: 15.6588 ,  0.29642 ,  6.00983 ,  0.385
CSI_0821: 15.1421 ,  0.366782 ,  6.00999 ,  0.385
CSI_0822: 36.287 ,  0.203737 ,  6.00999 ,  0.385
CSI_0824: 32.5504 ,  0.192911 ,  6.01 ,  0.385
CSI_0901: 39.8096 ,  0.184992 ,  6 ,  0.385
CSI_0902: 22.7765 ,  0.314341 ,  6.01 ,  0.385
CSI_0903: 26.1363 ,  0.315588 ,  6.01 ,  0.385
CSI_0904: 18.9596 ,  0.304689 ,  6 ,  0.385
CSI_0905: 26.9131 ,  0.439288 ,  6.00999 ,  0.385
CSI_0906: 37.6261 ,  0.491016 ,  6.01 ,  0.385
CSI_0907: 18.4766 ,  0.42538 ,  6.01 ,  0.385
CSI_0908: 16.6605 ,  0.324572 ,  6.00999 ,  0.385
CSI_0909: 32.6242 ,  0.306953 ,  6.01 ,  0.385
CSI_0911: 22.012 ,  0.314611 ,  6.01 ,  0.385
CSI_0912: 17.4333 ,  0.29304 ,  6.01 ,  0.385
CSI_0913: 17.1823 ,  0.396264 ,  6.01 ,  0.385
CSI_0914: 18.3062 ,  0.306493 ,  6.01 ,  0.385
CSI_0915: 33.1555 ,  0.267506 ,  6.01 ,  0.385
CSI_0916: 48.8261 ,  0.504906 ,  6.00999 ,  0.385
CSI_0917: 17.875 ,  0.620313 ,  6.01 ,  0.385
CSI_0918: 19.6218 ,  0.52375 ,  6.01 ,  0.385
CSI_0919: 14.4878 ,  0.255274 ,  6.01 ,  0.385
CSI_0920: 17.7634 ,  0.248753 ,  6.00059 ,  0.385
CSI_0921: 17.8199 ,  0.35827 ,  6.00998 ,  0.385
CSI_0922: 32.8366 ,  0.305196 ,  6.01 ,  0.385
CSI_0923: 1.35531 ,  0.315412 ,  6.01 ,  0.385
CSI_0924: 14.7757 ,  0.290833 ,  6.01 ,  0.385
